first_name,last_name,email,company
Foo,Bar,testing@domain.com,Umbrella Corp
Another,Bar,another@domain.com,Foo S/A
